	Time 			Values

	0 		[0.0, 0.0625, 0.25, 0.5625, 1.0, 0, 0]
	1 		[0, 0.1875, 0.4375, 0.8125, 0.140625, 0.25, 0]
	2 		[0, 0.328125, 0.65625, 0.21484375, 0.390625, 0.03515625, 0]
	3 		[0, 0.4921875, 0.2431640625, 0.45703125, 0.080078125, 0.09765625, 0]
	4 		[0, 0.182373046875, 0.4658203125, 0.120849609375, 0.1875, 0.02001953125, 0]
	5 		[0, 0.349365234375, 0.13623046875, 0.257080078125, 0.04522705078125, 0.046875, 0]
	6 		[0, 0.1021728515625, 0.2801513671875, 0.0679779052734375, 0.09942626953125, 0.0113067626953125, 0]
	7 		[0, 0.210113525390625, 0.07652664184570312, 0.1446075439453125, 0.02547454833984375, 0.0248565673828125, 0]
	8 		[0, 0.057394981384277344, 0.16098403930664062, 0.038237571716308594, 0.0547943115234375, 0.0063686370849609375, 0]
	9 		[0, 0.12073802947998047, 0.04302692413330078, 0.08134174346923828, 0.014335870742797852, 0.013698577880859375, 0]
	10 		[0, 0.032270193099975586, 0.09119081497192383, 0.021508634090423584, 0.0306093692779541, 0.003583967685699463, 0]
	11 		[0, 0.06839311122894287, 0.024199023842811584, 0.04575473070144653, 0.008065134286880493, 0.007652342319488525, 0]
	12 		[0, 0.01814926788210869, 0.05141432583332062, 0.012098606675863266, 0.017177939414978027, 0.0020162835717201233, 0]
	13 		[0, 0.03856074437499046, 0.013611271977424622, 0.025737036019563675, 0.004536864347755909, 0.004294484853744507, 0]
	14 		[0, 0.010208453983068466, 0.028942963108420372, 0.006805466255173087, 0.009655122645199299, 0.0011342160869389772, 0]
	15 		[0, 0.02170722233131528, 0.007656213187146932, 0.014477082761004567, 0.0025520286289975047, 0.0024137806612998247, 0]
	16 		[0, 0.005742159890360199, 0.016284617653582245, 0.0038280747685348615, 0.00542960618622601, 0.0006380071572493762, 0]
	17 		[0, 0.012213463240186684, 0.004306596048991196, 0.008143359053065069, 0.0014355240600707475, 0.0013574015465565026, 0]
	18 		[0, 0.003229947036743397, 0.009160885099845473, 0.0021532920573008596, 0.003053890923183644, 0.0003588810150176869, 0]
	19 		[0, 0.0068706638248841045, 0.002422455802161494, 0.004580639467349101, 0.0008074837755884801, 0.000763472730795911, 0]
	20 		[0, 0.0018168418516211204, 0.005153145556732852, 0.0012112267822317335, 0.0017177644149342086, 0.00020187094389712001, 0]
	21 		[0, 0.003864859167549639, 0.0013626305495790803, 0.0025766097003838695, 0.0004542099034807734, 0.00042944110373355215, 0]
	22 		[0, 0.0010219729121843102, 0.002898672067175312, 0.0006813150650053501, 0.0009662332528961315, 0.00011355247587019335, 0]
	23 		[0, 0.002174004050381484, 0.0007664795268000901, 0.0014493429564659266, 0.00025549312315398254, 0.00024155831322403287, 0]
	24 		[0, 0.0005748596451000676, 0.001630508229944816, 0.00038323972406550944, 0.0005435044740345063, 6.387328078849563e-05, 0]
	25 		[0, 0.001222881172458612, 0.000431144704324149, 0.0008152554130120837, 0.00014371489160774908, 0.00013587611850862658, 0]
	26 		[0, 0.00032335852824311173, 0.0009171618528737158, 0.00021557234478684906, 0.00030572094213449086, 3.592872290193727e-05, 0]
	27 		[0, 0.0006878713896552868, 0.00024251889065091473, 0.0004585811698192971, 8.083962837316522e-05, 7.643023553362271e-05, 0]
	28 		[0, 0.00018188916798818604, 0.0005159037247782945, 0.0001212594439426026, 0.0001719679691050413, 2.0209907093291304e-05, 0]
	29 		[0, 0.0003869277935837209, 0.00013641687495399846, 0.0002579519080233546, 4.547229130561913e-05, 4.299199227626033e-05, 0]
	30 		[0, 0.00010231265621549884, 0.0002901958794134462, 6.820843721771396e-05, 9.67319712130339e-05, 1.1368072826404782e-05, 0]
	31 		[0, 0.00021764690956008464, 7.673449196716018e-05, 0.00014509794826313697, 2.5578163924232076e-05, 2.4182992803258474e-05, 0]
	32 		[0, 5.755086897537014e-05, 0.00016323518858737387, 3.8367245934964106e-05, 5.44117316682281e-05, 6.394540981058019e-06, 0]
	33 		[0, 0.0001224263914405304, 4.3163151695065614e-05, 8.161759589801454e-05, 1.438771721953454e-05, 1.3602932917057024e-05, 0]
	34 		[0, 3.237236377129921e-05, 9.181979478364352e-05, 2.158157583841731e-05, 3.0606598662296404e-05, 3.596929304883635e-06, 0]
	35 		[0, 6.886484608773264e-05, 2.4279272821637785e-05, 4.590989769263318e-05, 8.093090938267054e-06, 7.651649665574101e-06, 0]
	36 		[0, 1.8209454616228338e-05, 5.164863479140805e-05, 1.2139636409109737e-05, 1.721621167233887e-05, 2.0232727345667635e-06, 0]
	37 		[0, 3.8736476093556034e-05, 1.3657090960889387e-05, 2.5824317452106162e-05, 4.552363653202507e-06, 4.304052918084717e-06, 0]
	38 		[0, 1.024281822066704e-05, 2.905235711246863e-05, 6.8285454801242264e-06, 9.68411905159008e-06, 1.1380909133006267e-06, 0]
	39 		[0, 2.1789267834351473e-05, 7.682113665259929e-06, 1.4526178566809715e-05, 2.560704555006527e-06, 2.42102976289752e-06, 0]
	40 		[0, 5.7615852489449464e-06, 1.6341950883695153e-05, 3.841056832569877e-06, 5.447316963875568e-06, 6.401761387516317e-07, 0]
	41 		[0, 1.2256463162771364e-05, 4.3211889366636434e-06, 8.170975443830463e-06, 1.4403963122061928e-06, 1.361829240968892e-06, 0]
	42 		[0, 3.2408917024977326e-06, 9.192347373565689e-06, 2.1605944683205558e-06, 3.0641157916842847e-06, 3.600990780515482e-07, 0]
	43 		[0, 6.894260530174267e-06, 2.43066877686485e-06, 4.596173687154636e-06, 8.102229256188002e-07, 7.660289479210712e-07, 0]
	44 		[0, 1.8230015826486375e-06, 5.170695397909544e-06, 1.2153343884303127e-06, 1.7235651327294625e-06, 2.0255573140470004e-07, 0]
	45 		[0, 3.878021548432158e-06, 1.3672511869848939e-06, 2.5853476990244826e-06, 4.557503956611032e-07, 4.308912831823656e-07, 0]
	46 		[0, 1.0254383902386705e-06, 2.9085161613764014e-06, 6.836255934920509e-07, 9.695053871428948e-07, 1.139375989152758e-07, 0]
	47 		[0, 2.181387121032301e-06, 7.690787926787058e-07, 1.4542580807012715e-06, 2.5635959755946957e-07, 2.423763467857237e-07, 0]
	48 		[0, 5.768090945090294e-07, 1.6360403407840288e-06, 3.8453939633927863e-07, 5.453467802646107e-07, 6.408989938986739e-08, 0]
	49 		[0, 1.2270302555880217e-06, 4.3260682088171637e-07, 8.180201703944651e-07, 1.442022736272202e-07, 1.3633669506615268e-07, 0]
	50 		[0, 3.2445511566128725e-07, 9.202726916928543e-07, 2.1630341044084423e-07, 3.067575638982308e-07, 3.605056840680505e-08, 0]
	51 		[0, 6.902045187696407e-07, 2.43341336745955e-07, 4.6013634584688664e-07, 8.111377891531485e-08, 7.66893909745577e-08, 0]
	52 		[0, 1.8250600255946625e-07, 5.176533890775751e-07, 1.216706683729749e-07, 1.7255112969263995e-07, 2.0278444728828713e-08, 0]
	53 		[0, 3.882400418081814e-07, 1.3687950191959774e-07, 2.588266945388737e-07, 4.5626500639865267e-08, 4.313778242315999e-08, 0]
	54 		[0, 1.0265962643969831e-07, 2.911800313562006e-07, 6.843975095979838e-08, 9.706001045208841e-08, 1.1406625159966317e-08, 0]
	55 		[0, 2.1838502351715044e-07, 7.699471982977336e-08, 1.4559001567811644e-07, 2.5664906609924333e-08, 2.4265002613022103e-08, 0]
	56 		[0, 5.7746039872330025e-08, 1.6378876763787493e-07, 3.8497359914886595e-08, 5.45962558792957e-08, 6.416226652481083e-09, 0]
	57 		[0, 1.228415757284062e-07, 4.330952990424745e-08, 8.18943838189405e-08, 1.443650996808246e-08, 1.3649063969823924e-08, 0]
	58 		[0, 3.248214742818559e-08, 9.213118179630691e-08, 2.1654764952123705e-08, 3.0710393932103065e-08, 3.609127492020615e-09, 0]
	59 		[0, 6.909838634723018e-08, 2.4361610571139174e-08, 4.606559089815403e-08, 8.120536857046387e-09, 7.677598483025766e-09, 0]
	60 		[0, 1.827120792835438e-08, 5.1823789760423064e-08, 1.2180805285569584e-08, 1.7274596586807834e-08, 2.0301342142615967e-09, 0]
	61 		[0, 3.88678423203173e-08, 1.3703405946265782e-08, 2.591189488021164e-08, 4.567801982088593e-09, 4.3186491467019584e-09, 0]
	62 		[0, 1.0277554459699337e-08, 2.9150881740238053e-08, 6.85170297313289e-09, 9.716960580079379e-09, 1.1419504955221483e-09, 0]
	63 		[0, 2.186316130517854e-08, 7.708165844774503e-09, 1.4575440870119046e-08, 2.5693886149248338e-09, 2.4292401450198448e-09, 0]
	64 		[0, 5.781124383580877e-09, 1.639737097888392e-08, 3.854082922387251e-09, 5.465790326294645e-09, 6.423471537312084e-10, 0]
	65 		[0, 1.229802823416294e-08, 4.3358432876856584e-09, 8.198685489441963e-09, 1.445281095895219e-09, 1.3664475815736612e-09, 0]
	66 		[0, 3.251882465764244e-09, 9.223521175622206e-09, 2.167921643842829e-09, 3.0745070585407365e-09, 3.6132027397380473e-10, 0]
	67 		[0, 6.917640881716655e-09, 2.4389118493231826e-09, 4.611760587811103e-09, 8.129706164410606e-10, 7.686267646351841e-10, 0]
	68 		[0, 1.8291838869923868e-09, 5.188230661287491e-09, 1.219455924661591e-09, 1.7294102204291641e-09, 2.0324265411026515e-10, 0]
	69 		[0, 3.891172995965619e-09, 1.37188791524429e-09, 2.594115330643746e-09, 4.572959717480967e-10, 4.3235255510729103e-10, 0]
	70 		[0, 1.0289159364332176e-09, 2.9183797469742146e-09, 6.859439576221451e-10, 9.727932489914047e-10, 1.1432399293702418e-10, 0]
	71 		[0, 2.188784810230661e-09, 7.716869523249132e-10, 1.459189873487107e-09, 2.572289841083044e-10, 2.431983122478512e-10, 0]
	72 		[0, 5.787652142436849e-10, 1.6415886076729955e-09, 3.8584347616245657e-10, 5.471962025576652e-10, 6.43072460270761e-11, 0]
	73 		[0, 1.2311914557547466e-09, 4.340739106827637e-10, 8.207943038364977e-10, 1.446913035609212e-10, 1.367990506394163e-10, 0]
	74 		[0, 3.2555543301207276e-10, 9.2339359181606e-10, 2.1703695534138185e-10, 3.0779786393868665e-10, 3.61728258902303e-11, 0]
	75 		[0, 6.92545193862045e-10, 2.441665747590546e-10, 4.6169679590803e-10, 8.13888582530182e-11, 7.694946598467166e-11, 0]
	76 		[0, 1.8312493106929092e-10, 5.194088953965337e-10, 1.2208328737952732e-10, 1.7313629846551122e-10, 2.034721456325455e-11, 0]
	77 		[0, 3.895566715474003e-10, 1.3734369830196822e-10, 2.5970444769826687e-10, 4.578123276732274e-11, 4.3284074616377806e-11, 0]
	78 		[0, 1.0300777372647617e-10, 2.9216750366055025e-10, 6.86718491509841e-11, 9.738916788685008e-11, 1.1445308191830684e-11, 0]
	79 		[0, 2.1912562774541268e-10, 7.725583029485712e-11, 1.4608375183027512e-10, 2.5751943431619036e-11, 2.434729197171252e-11, 0]
	80 		[0, 5.794187272114284e-11, 1.6434422080905952e-10, 3.862791514742856e-11, 5.478140693635318e-11, 6.437985857904759e-12, 0]
	81 		[0, 1.2325816560679464e-10, 4.345640454085713e-11, 8.217211040452977e-11, 1.4485468180285712e-11, 1.3695351734088294e-11, 0]
	82 		[0, 3.259230340564285e-11, 9.2443624205096e-11, 2.172820227042857e-11, 3.0814541401698666e-11, 3.621367045071428e-12, 0]
	83 		[0, 6.9332718153822e-11, 2.444422755423214e-11, 4.6221812102548e-11, 8.148075851410713e-12, 7.703635350424667e-12, 0]
	84 		[0, 1.8333170665674106e-11, 5.1999538615366495e-11, 1.2222113777116067e-11, 1.7333179538455497e-11, 2.037018962852678e-12, 0]
	85 		[0, 3.899965396152487e-11, 1.3749877999255575e-11, 2.5999769307683244e-11, 4.583292666418525e-12, 4.333294884613874e-12, 0]
	86 		[0, 1.0312408499441681e-11, 2.9249740471143654e-11, 6.874938999627787e-12, 9.749913490381216e-12, 1.1458231666046312e-12, 0]
	87 		[0, 2.193730535335774e-11, 7.73430637458126e-12, 1.4624870235571827e-11, 2.5781021248604202e-12, 2.437478372595304e-12, 0]
	88 		[0, 5.800729780935945e-12, 1.6452979015018304e-11, 3.867153187290631e-12, 5.484326338339435e-12, 6.445255312151051e-13, 0]
	89 		[0, 1.2339734261263728e-11, 4.350547335701959e-12, 8.226489507509153e-12, 1.4501824452339866e-12, 1.3710815845848588e-12, 0]
	90 		[0, 3.2629105017764695e-12, 9.254800695947798e-12, 2.1752736678509797e-12, 3.0849335653159327e-12, 3.6254561130849666e-13, 0]
	91 		[0, 6.941100521960848e-12, 2.4471828763323522e-12, 4.627400347973899e-12, 8.157276254441174e-13, 7.712333913289832e-13, 0]
	92 		[0, 1.835387157249264e-12, 5.205825391470636e-12, 1.2235914381661761e-12, 1.7352751304902125e-12, 2.0393190636102934e-13, 0]
	93 		[0, 3.904369043602977e-12, 1.3765403679369482e-12, 2.6029126957353183e-12, 4.588467893123161e-13, 4.338187826225531e-13, 0]
	94 		[0, 1.032405275952711e-12, 2.9282767827022328e-12, 6.882701839684743e-13, 9.760922609007443e-13, 1.1471169732807904e-13, 0]
	95 		[0, 2.1962075870266748e-12, 7.743039569645335e-13, 1.4641383913511164e-12, 2.581013189881778e-13, 2.4402306522518606e-13, 0]
	96 		[0, 5.807279677234001e-13, 1.6471556902700057e-12, 3.871519784822667e-13, 5.490518967566687e-13, 6.452532974704445e-14, 0]
	97 		[0, 1.2353667677025044e-12, 4.355459757925501e-13, 8.235778451350029e-13, 1.4518199193085e-13, 1.3726297418916717e-13, 0]
	98 		[0, 3.2665948184441257e-13, 9.265250757768784e-13, 2.1777298789627505e-13, 3.088416919256261e-13, 3.62954979827125e-14, 0]
