	Time 			Values

	0 		[0.0, 0.0625, 0.25, 0.5625, 1.0, 0, 0]
	1 		[0, 0.015625, 0.140625, 0.390625, 0.9609375, 0.375, 0]
	2 		[0, -0.005859375, 0.0625, 0.2255859375, 0.8203125, 0.6416015625, 0]
	3 		[0, -0.01220703125, 0.0164794921875, 0.090087890625, 0.61962890625, 0.788818359375, 0]
	4 		[0, -0.0112152099609375, -0.00347900390625, -0.0037078857421875, 0.39990234375, 0.823974609375, 0]
	5 		[0, -0.007976531982421875, -0.006351470947265625, -0.054073333740234375, 0.1955394744873047, 0.7679443359375, 0]
	6 		[0, -0.005188465118408203, -0.000995635986328125, -0.06737923622131348, 0.030384063720703125, 0.6492855548858643, 0]
	7 		[0, -0.0037668943405151367, 0.005730003118515015, -0.054705798625946045, -0.08363986015319824, 0.49835819005966187, 0]
	8 		[0, -0.0035414211452007294, 0.00972314178943634, -0.028425615280866623, -0.14553934335708618, 0.34240369498729706, 0]
	9 		[0, -0.0038714585825800896, 0.00951752532273531, 0.0005193846300244331, -0.16261457512155175, 0.20222551748156548, 0]
	10 		[0, -0.004093284602276981, 0.0056214239448308945, 0.024285432358738035, -0.14704435179010034, 0.0906886724405922, 0]
	11 		[0, -0.0037726414448115975, -0.00035459281207295135, 0.038702652222127654, -0.11251231076312251, 0.012874872409156524, 0]
	12 		[0, -0.002785156982099579, -0.006518516678625019, 0.0429580557074587, -0.07148009754018858, -0.03253596222930355, 0]
	13 		[0, -0.001274053151746557, -0.011303078340688444, 0.038709110218633214, -0.03343380698618148, -0.05120700824954838, 0]
	14 		[0, 0.00045734492877613775, -0.013793717464750443, 0.02897240415948943, -0.0041585628764551075, -0.05094293380697934, 0]
	15 		[0, 0.0020672233796759087, -0.01379533427020796, 0.017076479429892544, 0.014113596128339623, -0.03976666143390517, 0]
	16 		[0, 0.0032748343185329265, -0.011705851864014072, 0.00586990970504897, 0.021959709561702567, -0.02453239752730152, 0]
	17 		[0, 0.003919357221901454, -0.008285064741691828, -0.0027322258654313702, 0.02173754800158298, -0.010164407059837677, 0]
	18 		[0, 0.003975151009137569, -0.004402511364876904, -0.007873262177405835, 0.01654912718413018, 0.0005282752057153596, 0]
	19 		[0, 0.0035316771774627897, -0.0008270441230553605, -0.009624529292899489, 0.009393337670856027, 0.006602129098335337, 0]
	20 		[0, 0.0027521383984790123, 0.001907162010869462, -0.00870270572467738, 0.0026105386310127945, 0.008474098450322513, 0]
	21 		[0, 0.0018257085475005764, 0.003550261623166399, -0.006138160868308586, -0.002364872979784736, 0.007334525824371683, 0]
	22 		[0, 0.0009254987077296325, 0.004114607031226089, -0.0029766634200709477, -0.004992280788500732, 0.004614067000859486, 0]
	23 		[0, 0.00017979815189396323, 0.003805100216327047, -6.548482978083604e-05, -0.00543721774900959, 0.0015884449549568398, 0]
	24 		[0, -0.00034078891312040846, 0.0029294350729281264, 0.002057451177413214, -0.004301025742294611, -0.0008476229396609664, 0]
	25 		[0, -0.0006217710689563222, 0.00181209906509929, 0.003179254753194784, -0.002348272247733382, -0.002248601858106204, 0]
	26 		[0, -0.0006928406848546529, 0.0007285033038164988, 0.0033575122452749943, -0.0002879084210887171, -0.0025670534864796713, 0]
	27 		[0, -0.0006106934266180521, -0.00013312680961749497, 0.0028273114755235224, 0.0013640174619715438, -0.0020332557727680226, 0]
	28 		[0, -0.00044137921876135223, -0.0006822690766353311, 0.0019000588702896384, 0.0023374118713959816, -0.001013435281336688, 0]
	29 		[0, -0.0002457507794915978, -0.0009147263732982102, 0.000877016765054482, 0.0025922603900726863, 0.00011645299077097716, 0]
	30 		[0, -6.99722879564221e-05, -0.0008878284179148171, -9.292364955053149e-06, 0.0022585199556035733, 0.0010594373893554902, 0]
	31 		[0, 5.849933627203558e-05, -0.0006909493758003895, -0.000622219924884793, 0.0015579756561750987, 0.0016415230253679577, 0]
	32 		[0, 0.00013024317417907537, -0.0004184972901376796, -0.0009205179166106279, 0.000729958892128532, 0.0018153831400916304, 0]
	33 		[0, 0.00014999454190151647, -0.00014996703770977794, -0.0009385697827756673, -2.4647942144040202e-05, 0.0016352719396169222, 0]
	34 		[0, 0.0001312417861398596, 6.109389777769364e-05, -0.0007570839834549121, -0.0005748586176010207, 0.0012172109764086766, 0]
	35 		[0, 9.0794602382683e-05, 0.00018967159106758158, -0.00047304544872442134, -0.000867201829047442, 0.0006973362507061247, 0]
	36 		[0, 4.438700290356455e-05, 0.000235432350284745, -0.00017525701126204268, -0.0009149604463955051, 0.00019780150213680279, 0]
	37 		[0, 3.861208392080287e-06, 0.0002151265152101508, 7.121442870968548e-05, -0.0007766669017869952, -0.00019475904079571235, 0]
	38 		[0, -2.3994908107208633e-05, 0.0001538910359659325, 0.00023116662745944504, -0.0005314498854746503, -0.00043731936876690745, 0]
	39 		[0, -3.723256057614805e-05, 7.752435800181551e-05, 0.0002975153447661397, -0.0002572350077128324, -0.0005272832336281745, 0]
	40 		[0, -3.761496518233797e-05, 6.99164018953865e-06, 0.0002843625187893896, -1.5447597293800103e-05, -0.000491925553113443, 0]
	41 		[0, -2.908517891044581e-05, -4.440719664989646e-05, 0.0002178247038248442, 0.00015654094071485138, -0.00037473701382025726, 0]
	42 		[0, -1.62629846015973e-05, -7.144042755694504e-05, 0.00012714821153556554, 0.00024593209619798727, -0.00022234990759712367, 0]
	43 		[0, -3.2671850065798447e-06, -7.557246633525345e-05, 3.782948629307134e-05, 0.000259923389923968, -7.453789462359751e-05, 0]
	44 		[0, 6.9961695369718e-06, -6.263322991554145e-05, -3.2457983896412535e-05, 0.00021844583663082744, 4.156785025378987e-05, 0]
	45 		[0, 1.3076280892171532e-05, -4.029411087324009e-05, -7.513667871949088e-05, 0.00014646665223024214, 0.00011309307642690269, 0]
	46 		[0, 1.4843974528283662e-05, -1.592489298042938e-05, -8.977113214586346e-05, 6.753710009950968e-05, 0.00013974480190651783, 0]
	47 		[0, 1.3123592518766418e-05, 4.844212231017272e-06, -8.174232148949731e-05, -4.794497183812666e-07, 0.0001301350139672045, 0]
	48 		[0, 9.237167860197654e-06, 1.8772296553987526e-05, -5.943023031569384e-05, -4.7279834593248006e-05, 9.74214668310104e-05, 0]
	49 		[0, 4.581338825899799e-06, 2.4971939152526494e-05, -3.1623082204869057e-05, -6.99238956671975e-05, 5.5336162150789805e-05, 0]
	50 		[0, 3.1451172535903756e-07, 2.439984169971593e-05, -5.612347513054671e-06, -7.121859784607275e-05, 1.528066073789329e-05, 0]
	51 		[0, -2.8140964184452126e-06, 1.911936661092842e-05, 1.3843004733361563e-05, -5.742866129418672e-05, -1.5246478638857313e-05, 0]
	52 		[0, -4.500493140199962e-06, 1.1553863209609165e-05, 2.4730598690892674e-05, -3.5974559365772293e-05, -3.2970606964463e-05, 0]
	53 		[0, -4.819602756351117e-06, 3.886387643270304e-06, 2.7377467642494484e-05, -1.358561914468659e-05, -3.821841498551186e-05, 0]
	54 		[0, -4.100500522672126e-06, -2.3147437564907505e-06, 2.3688698491183053e-05, 4.8546378806094735e-06, -3.375841841839137e-05, 0]
	55 		[0, -2.7860324224427502e-06, -6.234832824767991e-06, 1.6291665224627072e-05, 1.674404264694967e-05, -2.3498324608564977e-05, 0]
	56 		[0, -1.3101702137360638e-06, -7.757344930070407e-06, 7.7876812783136e-06, 2.1604697020518027e-05, -1.1344727463817607e-05, 0]
	57 		[0, -1.2959544043246874e-08, -7.2827826874930295e-06, 2.311694823940436e-07, 2.054199417773332e-05, -4.0678421516894505e-07, 0]
	58 		[0, 9.006281779041935e-07, -5.495843029935245e-06, -5.125415668231019e-06, 1.5544032216093876e-05, 7.398159655273286e-06, 0]
	59 		[0, 1.3624515121700507e-06, -3.1434697472084837e-06, -7.848006914410715e-06, 8.811223329574615e-06, 1.137763182249017e-05, 0]
	60 		[0, 1.4147723525285986e-06, -8.656821290412544e-07, -8.166209257208044e-06, 2.243210926465672e-06, 1.1837432615458107e-05, 0]
	61 		[0, 1.1692895305266058e-06, 9.020541925682893e-07, -6.729689107104712e-06, -2.859599353536026e-06, 9.719278559018208e-06, 0]
	62 		[0, 7.642103738239181e-07, 1.956235356761783e-06, -4.3515465889234215e-06, -5.883242750193562e-06, 6.217109161687646e-06, 0]
	63 		[0, 3.2862836077271574e-07, 2.297698731370734e-06, -1.7946663391327025e-06, -6.821400678702411e-06, 2.456615839943149e-06, 0]
	64 		[0, -4.0741070841804924e-08, 2.0708429762094062e-06, 3.683123547522999e-07, -6.096127366194465e-06, -7.155633745560425e-07, 0]
	65 		[0, -2.894111751575295e-07, 1.4918152862473402e-06, 1.8148163029170606e-06, -4.34453296979423e-06, -2.822720293239956e-06, 0]
	66 		[0, -4.035352921490647e-07, 7.834802361367991e-07, 2.4636095807548267e-06, -2.22500357709678e-06, -3.7462400836028033e-06, 0]
	67 		[0, -4.0058649862889837e-07, 1.2833324495234667e-07, 2.419637721254517e-06, -2.766190795891745e-07, -3.6440564041133946e-06, 0]
	68 		[0, -3.164815295907171e-07, -3.5642471842839144e-07, 1.8974306427466644e-06, 1.1554068862927373e-06, -2.8367744579309863e-06, 0]
	69 		[0, -1.928080573894889e-07, -6.231779427611456e-07, 1.1449878518627595e-06, 1.9326884629909252e-06, -1.6943032610884634e-06, 0]
	70 		[0, -6.670880019697347e-08, -6.828099600747625e-07, 3.834631024877744e-07, 2.090674699327787e-06, -5.459692721947505e-07, 0]
	71 		[0, 3.531964486161521e-08, -5.850561579409087e-07, -2.2979074557817844e-07, 1.7800508469530992e-06, 3.745260581018572e-07, 0]
	72 		[0, 9.962175338882499e-08, -3.968234084353035e-07, -6.142454742806119e-07, 1.2020508483602752e-06, 9.484136111838051e-07, 0]
	73 		[0, 1.243192410960317e-07, -1.834787145205918e-07, -7.597492399187321e-07, 5.526443820170013e-07, 1.1620792765229571e-06, 0]
	74 		[0, 1.1617427013709773e-07, 3.97933451040954e-09, -7.076969956363962e-07, -1.5682588022143198e-08, 1.0788011006485934e-06, 0]
	75 		[0, 8.66332857890221e-08, 1.350119766387683e-07, -5.273201727831257e-07, -4.119984519613301e-07, 8.032198549781412e-07, 0]
	76 		[0, 4.809846726192054e-08, 1.9966148624785022e-07, -2.933608318526399e-07, -6.071463856369373e-07, 4.479154717481071e-07, 0]
	77 		[0, 1.1116164665459126e-08, 2.0445314389068786e-07, -6.925426834191893e-08, -6.213595351409564e-07, 1.0825670919722883e-07, 0]
	78 		[0, -1.721951948724164e-08, 1.6616520321030296e-07, 1.023991695951883e-07, -5.055220906335905e-07, -1.5181729377993703e-07, 0]
	79 		[0, -3.36852900167191e-08, 1.0536668640061308e-07, 2.0230158972945366e-07, -3.2176471765450517e-07, -3.034337543225492e-07, 0]
	80 		[0, -3.843480331261596e-08, 4.1105332328008436e-08, 2.314592894041333e-07, -1.275312228020151e-07, -3.4823708486235134e-07, 0]
	81 		[0, -3.3964269025463023e-08, -1.2516463171741313e-08, 2.0495036952635502e-07, 3.467845203283258e-08, -3.0900202219751914e-07, 0]
	82 		[0, -2.3908643872629603e-08, -4.7742744454149e-08, 1.4468429695125918e-07, 1.4149048037169746e-07, -2.1874709713582716e-07, 0]
	83 		[0, -1.1963639847703577e-08, -6.285833691175526e-08, 7.292338349667632e-08, 1.877178587774737e-07, -1.1100139271248382e-07, 0]
	84 		[0, -1.1154377718082754e-09, -6.074554056378982e-08, 7.655928933414813e-09, 1.8200983698341937e-07, -1.2856847492810229e-08, 0]
	85 		[0, 6.7566142416175204e-09, -4.6934435703947316e-08, -3.978886063428749e-08, 1.4098545702419635e-07, 5.8611053249174595e-08, 0]
	86 		[0, 1.0934265144206554e-08, -2.769348885806798e-08, -6.50652409927204e-08, 8.349188837414264e-08, 9.682783632095457e-08, 0]
	87 		[0, 1.1662384965413414e-08, -8.536612090383476e-09, -6.962047511308362e-08, 2.6115971368217512e-08, 1.0393033538101942e-07, 0]
	88 		[0, 9.813865235357994e-09, 6.673494683377878e-09, -5.8681082289733715e-08, -1.9511991563870657e-08, 8.774124079884613e-08, 0]
	89 		[0, 6.526212091096261e-09, 1.602045576200937e-08, -3.906925226554975e-08, -4.76070546314089e-08, 5.848893376268311e-08, 0]
	90 		[0, 2.892102098071024e-09, 1.9346327888861845e-08, -1.7343386459482686e-08, -5.766737729347321e-08, 2.601405483523399e-08, 0]
	91 		[0, -2.492144125544626e-10, 1.7762207510858356e-08, 1.4557552753953287e-09, -5.3006059746815166e-08, -2.1147253586269615e-09, 0]
	92 		[0, -2.4071867482731414e-09, 1.3046230819011427e-08, 1.4378401741470272e-08, -3.894429591200976e-08, -2.1463316424025908e-08, 0]
	93 		[0, -3.4361689135812847e-09, 7.084677865972357e-09, 2.0544174852233208e-08, -2.1133406727952726e-08, -3.070159828502309e-08, 0]
	94 		[0, -3.462711418432508e-09, 1.4569232003571354e-09, 2.070656117990863e-08, -4.308289690749207e-09, -3.0951226236749596e-08, 0]
	95 		[0, -2.7791489638690234e-09, -2.7941445291329184e-09, 1.6614803296409052e-08, 8.40264645399753e-09, -2.482902831159315e-08, 0]
	96 		[0, -1.7350936567601526e-09, -5.2146396703517045e-09, 1.0362967467132252e-08, 1.5636164615600687e-08, -1.5470778813445787e-08, 0]
	97 		[0, -6.494902837761514e-10, -5.857010807440368e-09, 3.862215147017215e-09, 1.754708361355583e-08, -5.739522379234083e-09, 0]
	98 		[0, 2.450086380979325e-10, -5.119093855373485e-09, -1.4931031442217058e-09, 1.5326083687702587e-08, 2.2755145706578745e-09, 0]
